Α 33333333 3333333 3333 33333333 3333333333 33333333 33 ’33333
¹ 531vs2v95223ananmmssa‘sazowquqss 3333333333 3333333333
333333 ,33 3333333333 3333333 .· affprp 3333333333333 33333
-33333333333 3333333 3333333339 3333333333 ’33333333 333 3333
-3333 33]’333333333333 33333 3333333333 3333333333 33333333
3333333 ’3333333333 3333333333 3333333333 33 3] 3333333333 Ι
333 33333333’ 3333333333 33333 3333 ’33333333333333 333333’ 33333
3333333 3333333333 3333 333333 33333333 33333333 333333. ’33333
, -333 33333333 ’3333333333 33 3333333 333333 33]’ 3333333333
33333 3333333333 3333 33333333 ’33333 3333333333 3333333
-333333 3333333 33333 3333333’ 33333333 1le 3333333 3333333333
’ff’ 333 3333333333 333333333333 3333333 3333333 ’33333333
333333 333333 33333 3333333333Ἶ ’3333333 ’3333333333 ‘ 33333
33333 3333333 3333 ’3333333333 3333333333333 3333333333 33333 ’3
3333 3333333333 3333333333 3333333333 3333333 333 3333333333ηό
’33333333 3333333 v zqupuodsu‘ 3333333333 33333333 3333333 ⁴
3333 33333 ‘ 333333333333333 33 3 33333 ἷ33333333 3333333333
333333 333333 33333 ’33333333 33333333 3333333 333333 33333 33333
gs: 33333333] 33333333 33 33333333] 3333333333 3333333333 3333
-33 33333 33333333 33333333 33333333 33333333 33333333 333 3333
’3333333333 3333333 3333333 53333 3333333333 ’333333333 33333 333333Ι
3 3333333333 3333333 3333 ’333333 33333 ’ 33333333 ‘ 3333333 33333333
-333 3333333333 33333 33 ’33333333 3) ’3339 3333333333 333 Ι
3 -33 3333 ‘35 ·333 333333 33333333 3333333333») 3333333 333 .· 3333 ”
-333333 3333333339 3333333333] 3333333333 ‘9 3333333333 3 3333
·33333333333333 33333333333 333 33333333 33333 39 ’3333333333
. 33333333 ’3333333333 3333333333 33 3333 3333333333 33333333
333 33333333 33333333333 3333333 3333 3333333333 m :mas ’
-333 3333333 33333 ’3333333333 33 33333333 3333 3333333333333333
¹ 3333333 ’33333333 3333333333] 33333 3333333 333333 33333333 333
t 3333333333] 333 333333 33333333 33333333 3333333333 33333 ps

avffosssldff 08¹

3

 

